390,0
389,4
389,3
389,2
389,1
389,0
388,8
388,7
388,6
388,5
388,4
388,3
388,2
388,1
388,0
387,4
387,3
387,2
387,1
387,0
386,5
386,4
386,3
386,2
386,1
386,0
385,4
385,3
385,2
385,1
385,0
384,3
384,2
384,1
384,0
383,3
383,2
383,1
383,0
382,6
382,5
382,4
382,3
382,2
382,1
382,0
381,3
381,2
381,1
381,0
380,3
380,2
380,1
380,0
378,7
378,6
378,5
378,4
378,3
378,2
378,1
378,0
377,3
377,2
377,1
377,0
376,3
376,2
376,1
376,0
375,6
375,5
375,4
375,3
375,2
375,1
375,0
374,4
374,3
374,2
374,1
374,0
373,4
373,3
373,2
373,1
373,0
372,3
372,2
372,1
372,0
371,3
371,2
371,1
371,0
4,3
2,7
2,13
2,6
2,3
0,362
0,357
0,330
0,1
1,3
0,9
0,310
0,305
0,405
0,308
0,304
0,303
0,302
0,307
0,12
0,390
0,10
0,8
0,462
0,300
0,482
0,299
0,369
0,298
0,461
0,297
0,301
0,296
0,436
0,295
0,368
0,294
0,345
0,293
0,506
0,292
0,361
0,291
0,355
0,290
0,503
0,289
0,333
0,288
0,467
0,287
0,338
0,286
0,496
0,285
0,376
0,284
0,344
0,283
0,342
0,282
0,460
0,281
0,475
0,280
0,332
0,279
0,488
0,278
0,474
0,277
0,323
0,276
0,481
0,275
0,473
0,274
0,327
390,1
390,2
390,4
391,0
391,2
391,3
391,5
391,7
391,8
392,1
392,2
392,4
392,6
392,7
392,9
392,10
392,12
392,13
392,15
392,17
392,18
392,20
392,21
392,23
392,25
392,26
392,28
392,29
392,31
392,32
392,34
392,36
392,37
392,39
392,40
392,42
392,44
392,45
392,47
392,48
392,50
392,51
392,53
392,55
392,56
392,58
392,59
392,61
392,63
392,64
392,66
392,67
392,69
392,71
392,72
392,74
392,75
392,77
392,78
392,80
392,82
392,83
392,85
392,86
392,88
392,90
392,91
392,93
392,94
392,96
392,97
392,99
392,101
392,102
392,104
392,105
392,107
392,109
392,110
392,112
392,113
392,115
392,116
392,118
392,120
392,121
392,123
392,124
392,126
392,128
392,129
392,131
392,132
392,134
392,136
392,137
392,139
392,140
392,142
392,143
392,145
392,147
392,148
392,150
392,151
392,153
392,155
392,156
392,158
392,159
392,161
392,162
392,164
392,166
392,167
392,169
392,170
392,172
392,174
392,175
392,177
392,178
392,180
392,181
392,183
392,185
392,186
392,188
392,189
392,191
392,193
392,194
392,196
392,197
392,199
392,200
392,202
392,204
392,205
392,207
392,208
392,210
392,212
392,213
392,256
392,257
392,259
392,261
392,262
392,264
392,265
392,267
392,268
392,270
392,272
392,273
392,275
392,276
392,278
392,280
392,281
392,283
392,284
392,286
392,287
392,289
392,291
392,292
392,294
392,295
392,297
392,299
392,300
392,302
392,303
392,305
392,306
392,308
392,310
392,311
392,313
392,314
392,316
392,318
392,319
392,321
392,322
392,324
392,326
392,327
392,329
392,330
392,332
392,333
392,335
392,337
392,338
392,340
392,341
392,343
392,345
392,346
392,348
392,349
392,351
392,352
392,354
392,356
392,357
392,359
392,360
392,362
392,364
392,365
393,0
393,1
393,3
393,4
394,0
394,2
394,3
394,5
395,0
395,2
395,4
395,5
450,1
450,2
472,0
472,1
472,3
472,5
472,6
474,1
474,2
475,0
475,2
475,3
476,0
476,1
476,3
477,0
477,1
477,3
478,0
478,2
478,3
479,1
479,3
480,0
480,2
480,3
480,5
480,7
481,0
481,2
481,3
482,0
482,1
482,3
483,1
483,2
483,4
483,5
484,0
484,2
484,3
485,0
485,1
485,3
486,0
486,2
488,0
488,1
488,3
488,4
488,6
489,0
489,1
489,3
489,4
490,1
490,3
491,0
491,2
491,3
492,0
492,1
492,3
492,5
492,6
493,0
493,1
493,3
494,1
494,2
494,4
494,5
494,7
494,8
494,10
494,12
494,13
494,15
494,16
494,18
494,20
494,21
494,23
494,24
494,26
494,27
494,29
494,31
494,32
494,34
494,35
494,37
494,39
494,40
494,42
494,43
494,45
494,47
494,48
494,50
494,51
494,53
494,54
494,56
494,58
494,59
494,61
494,62
494,64
494,66
494,67
494,69
494,70
494,72
494,73
494,75
494,77
494,78
494,80
494,81
494,83
494,85
494,86
494,88
494,89
494,91
494,92
494,94
494,96
494,97
494,99
494,100
494,102
494,104
494,105
494,107
494,108
494,110
494,111
494,113
494,115
494,116
494,118
494,119
494,121
494,123
494,124
494,126
494,127
494,129
494,131
494,132
494,134
494,135
494,137
494,138
494,140
494,142
494,143
494,145
494,146
494,148
494,150
494,151
494,153
494,154
494,156
494,157
494,159
494,161
494,162
494,164
494,165
494,167
494,169
494,170
494,172
494,173
494,175
494,176
494,178
494,180
494,181
494,183
494,184
494,186
494,188
494,189
494,191
494,192
494,194
494,196
494,197
494,199
494,200
494,202
494,203
494,205
494,207
494,256
494,258
494,259
494,261
494,263
494,264
494,266
494,267
494,269
494,270
494,272
494,274
494,275
494,277
494,278
495,1
495,3
495,4
496,0
496,1
496,3
496,4
497,0
497,2
497,3
498,1
498,2
499,0
499,2
499,3
500,0
500,1
500,3
501,0
501,2
501,4
501,5
502,0
502,1
502,3
503,1
503,2
504,0
504,1
504,3
504,5
504,6
505,0
505,1
505,3
505,4
506,0
506,2
506,3
507,1
507,2
508,0
508,2
508,3
509,1
509,2
509,4
509,5
509,7
510,0
510,1
510,3
510,4
510,2
509,8
509,6
509,3
509,0
508,1
507,3
507,0
506,1
505,5
505,2
504,7
504,4
504,2
503,3
503,0
502,2
501,6
501,3
501,1
500,2
499,4
499,1
498,3
498,0
497,1
496,5
496,2
495,5
495,2
495,0
494,276
494,273
494,271
494,268
494,265
494,262
494,260
494,257
494,206
494,204
494,201
494,198
494,195
494,193
494,190
494,187
494,185
494,182
494,179
494,177
494,174
494,171
494,168
494,166
494,163
494,160
494,158
494,155
494,152
494,149
494,147
494,144
494,141
494,139
494,136
494,133
494,130
494,128
494,125
494,122
494,120
494,117
494,114
494,112
494,109
494,106
494,103
494,101
494,98
494,95
494,93
494,90
494,87
494,84
494,82
494,79
494,76
494,74
494,71
494,68
494,65
494,63
494,60
494,57
494,55
494,52
494,49
494,46
494,44
494,41
494,38
494,36
494,33
494,30
494,28
494,25
494,22
494,19
494,17
494,14
494,11
494,9
494,6
494,3
494,0
493,2
492,7
492,4
492,2
491,4
491,1
490,2
490,0
489,2
488,7
488,5
488,2
486,3
486,1
485,2
484,4
484,1
483,6
483,3
483,0
482,2
481,4
481,1
480,6
480,4
480,1
479,2
479,0
478,1
477,2
476,4
476,2
475,4
475,1
474,3
474,0
472,4
472,2
450,3
450,0
395,3
395,1
394,4
394,1
393,5
393,2
392,366
392,363
392,361
392,358
392,355
392,353
392,350
392,347
392,344
392,342
392,339
392,336
392,334
392,331
392,328
392,325
392,323
392,320
392,317
392,315
392,312
392,309
392,307
392,304
392,301
392,298
392,296
392,293
392,290
392,288
392,285
392,282
392,279
392,277
392,274
392,271
392,269
392,266
392,263
392,260
392,258
392,214
392,211
392,209
392,206
392,203
392,201
392,198
392,195
392,192
392,190
392,187
392,184
392,182
392,179
392,176
392,173
392,171
392,168
392,165
392,163
392,160
392,157
392,154
392,152
392,149
392,146
392,144
392,141
392,138
392,135
392,133
392,130
392,127
392,125
392,122
392,119
392,117
392,114
392,111
392,108
392,106
392,103
392,100
392,98
392,95
392,92
392,89
392,87
392,84
392,81
392,79
392,76
392,73
392,70
392,68
392,65
392,62
392,60
392,57
392,54
392,52
392,49
392,46
392,43
392,41
392,38
392,35
392,33
392,30
392,27
392,24
392,22
392,19
392,16
392,14
392,11
392,8
392,5
392,3
392,0
391,6
391,4
391,1
390,3
0,273
0,480
0,272
0,385
0,271
0,398
0,270
0,495
0,269
0,465
0,268
0,417
0,267
0,454
0,266
0,453
0,265
0,487
0,264
0,358
0,263
0,490
0,262
0,489
0,261
0,502
0,260
0,459
0,259
0,452
0,258
0,464
0,257
0,353
0,256
0,479
0,255
0,378
0,254
0,472
0,253
0,486
0,252
0,348
0,251
0,499
0,250
0,498
0,249
0,326
0,248
0,471
0,247
0,458
0,246
0,339
0,245
0,485
0,244
0,416
0,242
0,414
0,241
0,494
0,240
0,457
0,239
0,334
0,238
0,470
0,237
0,493
0,236
0,451
0,235
0,328
0,234
0,413
0,233
0,484
0,232
0,501
0,231
0,336
0,230
0,373
0,229
0,329
0,228
0,331
0,227
0,364
0,226
0,463
0,225
0,492
0,224
0,483
0,223
0,318
0,222
0,363
0,221
0,337
0,220
0,321
0,219
0,320
0,218
0,511
0,217
0,446
0,216
0,394
0,215
0,447
0,214
0,445
0,213
0,360
0,212
0,350
0,211
0,351
0,210
0,510
0,209
0,367
0,208
0,347
0,207
0,359
0,206
0,442
0,205
0,450
0,204
0,366
0,203
0,426
0,202
0,335
0,201
0,317
0,200
0,440
0,199
0,509
0,198
0,372
0,197
0,346
0,196
0,371
0,195
0,449
0,194
0,365
0,193
0,505
0,192
0,315
0,63
0,448
0,62
0,311
0,61
0,456
0,60
0,478
0,59
0,425
0,58
0,504
0,57
0,477
0,56
0,497
0,55
0,370
0,54
0,356
0,53
0,508
0,52
0,340
0,51
0,349
0,50
0,491
0,49
0,469
0,48
0,343
0,47
0,468
0,46
0,507
0,45
0,500
0,6
0,5
0,404
0,11
0,4
0,2
0,3
0,7
